8.031088502436189991e-01 1.000000000000000000e+00 8.908046235091248155e-01
8.111575258296886970e-01 9.999218637757943950e-01 8.957024741141461632e-01
8.193828504386228007e-01 9.998588506917576169e-01 9.006688826526442204e-01
8.277548107322997284e-01 9.997681118507446563e-01 9.056661932661439485e-01
8.361535817682272942e-01 9.995009363744288278e-01 9.105594540477983667e-01
8.445864025620646309e-01 9.990648858328943227e-01 9.153538124731540604e-01
8.532632453932109673e-01 9.987044509922040625e-01 9.202728564925352073e-01
8.620722679674117650e-01 9.982810030674769131e-01 9.251902655073981352e-01
8.710925896996406514e-01 9.978802398530031148e-01 9.301858952670952752e-01
8.801554446790005315e-01 9.973030400032262266e-01 9.350744187585372513e-01
8.895319022599683656e-01 9.968493457981615347e-01 9.401379448054378862e-01
8.991602754805898545e-01 9.964435415369646831e-01 9.453055973678012869e-01
9.088579525588413865e-01 9.958739032572723193e-01 9.503783054369905337e-01
9.188018278779305215e-01 9.953294702111946668e-01 9.555358480202194027e-01
9.289298760968628388e-01 9.947346266978875917e-01 9.607067263395047130e-01
9.393986301761337865e-01 9.942481656891236641e-01 9.660454710763838326e-01
9.501214551483487813e-01 9.937667457270827898e-01 9.714541259142723817e-01
9.609270586398978020e-01 9.931038480830159942e-01 9.767505277210014603e-01
9.711099810411565336e-01 9.915360825521811750e-01 9.812167401858995497e-01
9.809995301738356765e-01 9.894188429285456499e-01 9.851911992982728128e-01
9.924495264506955072e-01 9.886072344061520578e-01 9.905246543342383081e-01
9.983805958484832654e-01 9.820841199466657789e-01 9.901653092082693952e-01
9.989385638691293812e-01 9.701948112506080246e-01 9.843568989988108475e-01
9.990167907946381209e-01 9.578316441625939204e-01 9.779908123479985615e-01
9.990358159740255761e-01 9.454105050372659802e-01 9.714837021976457931e-01
9.990553484819449936e-01 9.329893659119379290e-01 9.648927989573150565e-01
9.990836153153868082e-01 9.205757883566944022e-01 9.582243444268080390e-01
9.990849270853263686e-01 9.081370055678360531e-01 9.514424917807675630e-01
9.990890867532409292e-01 8.957007433023392862e-01 9.445742461092727638e-01
9.991133209977561824e-01 8.832821247003728171e-01 9.376339482802446001e-01
9.992105400137649696e-01 8.709239986590815441e-01 9.306672017604225022e-01
9.992636402574618382e-01 8.585280647673683152e-01 9.235651951101463419e-01
9.993034180146818102e-01 8.461195282588476196e-01 9.163537695739821798e-01
9.995407660746979950e-01 8.338748257688226584e-01 9.092230761725862420e-01
9.995399422167424719e-01 8.214284814098798959e-01 9.017735466367086117e-01
9.995453214826256483e-01 8.089871780976601867e-01 8.942270588940013365e-01
9.995540317428186494e-01 7.965483953088019486e-01 8.865787919636307635e-01
9.995533792163894260e-01 7.841020509498591862e-01 8.788153153598533551e-01
9.995559705634603498e-01 7.716582271142780058e-01 8.709455797698246737e-01
9.995553284264599991e-01 7.592118827553353544e-01 8.629615994522188416e-01
9.995512896206204534e-01 7.467604973496696497e-01 8.548592796920714276e-01
9.995436844904190821e-01 7.343091119440040559e-01 8.466393880919722559e-01
9.995358171189250296e-01 7.218577265383384622e-01 8.383006375243681196e-01
9.995276737042101400e-01 7.094063411326727575e-01 8.298404311778372344e-01
9.995192394585118434e-01 6.969549557270071638e-01 8.212560960397274901e-01
9.995104985186139546e-01 6.845035703213415701e-01 8.125448800804251359e-01
9.995014338462692161e-01 6.720521849156758654e-01 8.037039493118394162e-01
9.994920271173494131e-01 6.596007995100102717e-01 7.947303847134996602e-01
9.994822565827377048e-01 6.471468935809832068e-01 7.856193211112760810e-01
9.994721049122027301e-01 6.346955081753175021e-01 7.763713470441060416e-01
9.994615428215156694e-01 6.222390817229289661e-01 7.669776075930686554e-01
9.994505585299755523e-01 6.097927373639862036e-01 7.574463022477836427e-01
9.994391096603871816e-01 5.973388314349591388e-01 7.477605676909629961e-01
9.994271759775694708e-01 5.848874460292935451e-01 7.379246525028383408e-01
9.994147260213690487e-01 5.724385811469893115e-01 7.279350371081448889e-01
9.994017174756976152e-01 5.599846752179622467e-01 7.177818772756789922e-01
9.993881231482674155e-01 5.475358103356581241e-01 7.074695452095481896e-01
9.993738937219900365e-01 5.350844249299924194e-01 6.969878539054150668e-01
9.993589867170480368e-01 5.226330395243268256e-01 6.863347715345392563e-01
9.993433493134791235e-01 5.101791335952997608e-01 6.755038495810015142e-01
9.993269332955471151e-01 4.977277481896341116e-01 6.644950920844087117e-01
9.993096754436503470e-01 4.852763627839684624e-01 6.533017987601076326e-01
9.992915092982745939e-01 4.728249773783028131e-01 6.419192904292122526e-01
9.992723612152114576e-01 4.603735919726372194e-01 6.303427283676660275e-01
9.992521451625600015e-01 4.479196860436100991e-01 6.185647032205853213e-01
9.992307736797357842e-01 4.354657801145829787e-01 6.065823566999739569e-01
9.992073188902464986e-01 4.225707825972985221e-01 5.939545956976447494e-01
9.991841641976898503e-01 4.105680503499746781e-01 5.819931900115404844e-01
9.991586538461538769e-01 3.981091033742246155e-01 5.693599580406725202e-01
9.991315306608855584e-01 3.856652795386433796e-01 5.565153504544577689e-01
9.991025701580961149e-01 3.732088530862548437e-01 5.434246454681581628e-01
9.990715921148154433e-01 3.607448650637818388e-01 5.300861668262347726e-01
9.990384684899618062e-01 3.483060822749235452e-01 5.165288638368493723e-01
9.990028490028489694e-01 3.358521763458964804e-01 5.027022030736263414e-01
9.989645131654755206e-01 3.234058319869537734e-01 4.886240086826546536e-01
9.989160907549876622e-01 3.089430689388344420e-01 4.719288012058978077e-01
9.988633450132466951e-01 2.945912089186198402e-01 4.549929635447383935e-01
9.988103543891662106e-01 2.814542411586341553e-01 4.391582979543439680e-01
9.987762350364829400e-01 2.735977698409297609e-01 4.295324321757573727e-01
9.987179610761415249e-01 2.611463844352641117e-01 4.140312177811877326e-01
9.986538461538461142e-01 2.486924785062370469e-01 3.982177126909269838e-01
9.985830110482522004e-01 2.362436136239328688e-01 3.820922780898647342e-01
9.985042903251200030e-01 2.237922282182672473e-01 3.656355010871714106e-01
9.984163084507210462e-01 2.113408428126015981e-01 3.488404989141378199e-01
9.983173289811616558e-01 1.988894574069359766e-01 3.316967363341347674e-01
9.981951663025335764e-01 1.854046574230673317e-01 3.127239952894561026e-01
9.981058689145616558e-01 1.739917276423276482e-01 2.963271403550945537e-01
9.979601687921396680e-01 1.615403422366620267e-01 2.780694370927013770e-01
9.977901857256119555e-01 1.490889568309963775e-01 2.594161710787151742e-01
9.975892972157303085e-01 1.366375714253307561e-01 2.403543464188488132e-01
9.973481781376518640e-01 1.241836654963036496e-01 2.208664038211963498e-01
9.970402837712658561e-01 1.112306959417053293e-01 2.001342391452231584e-01
9.966852226720648300e-01 9.928089468497239278e-02 1.805745616749529492e-01
9.963851937536147840e-01 8.684463241947558421e-02 1.597642601947960317e-01
9.961875843454790491e-01 7.442349329414760239e-02 1.384998932884284883e-01
9.961943319838056921e-01 6.201999783234991154e-02 1.167702393918038650e-01
9.979757085020243279e-01 4.970472068820369627e-02 9.469319548718736768e-02
9.984480431848853366e-01 3.729618417968307009e-02 7.190636670448995182e-02
9.993927125506072429e-01 2.488764767116244045e-02 4.856587059758056546e-02
1.000000000000000000e+00 1.245138540566563187e-02 2.459651018340332923e-02
