1.214072491825943095e-01 1.000000000000000000e+00 2.165265995401569610e-01
1.222743601257296753e-01 9.970707237143223711e-01 2.178348509362606766e-01
1.229686482906593575e-01 9.926035773786638927e-01 2.188278219735955155e-01
1.236772517082873196e-01 9.881364310430054143e-01 2.198389892123179812e-01
1.245302764741157142e-01 9.846945314073342059e-01 2.210990619167810811e-01
1.254948479658589966e-01 9.819849508430823493e-01 2.225486229967325591e-01
1.264704839148272086e-01 9.792021383716885685e-01 2.240087450735666619e-01
1.276272328790696020e-01 9.776459603449222380e-01 2.257799237675650605e-01
1.288888566755334031e-01 9.766939455520770030e-01 2.277259843595260125e-01
1.301855361888385187e-01 9.757968546895882112e-01 2.297227112960612549e-01
1.314813945849561128e-01 9.746800681056736471e-01 2.317063086196766153e-01
1.327389425838515491e-01 9.730689661485508735e-01 2.336104573095019732e-01
1.341362073799414467e-01 9.722634151699895977e-01 2.357479601892872867e-01
1.354046375685978021e-01 9.703044616539425737e-01 2.376460934504845690e-01
1.367232426928017275e-01 9.684919719521796200e-01 2.396191459774331955e-01
1.381304031756159512e-01 9.670822577396971376e-01 2.417334996052947493e-01
1.395154995170871659e-01 9.652880760147196648e-01 2.437947361606895291e-01
1.406260042419178735e-01 9.613884769594112090e-01 2.453619663720659760e-01
1.418449136255580389e-01 9.580381172076674057e-01 2.471041559435044332e-01
1.428524386830507809e-01 9.530766554988008288e-01 2.484637468111560166e-01
1.439212711749032481e-01 9.483531974881456161e-01 2.499155690645052663e-01
1.452141128805357062e-01 9.449112978524742967e-01 2.517406795905774985e-01
1.467167824097161399e-01 9.426044927775031335e-01 2.539120485671028105e-01
1.484374548960516460e-01 9.414327822632321263e-01 2.564413292340223527e-01
1.502677503414511506e-01 9.406638472382417016e-01 2.591389606197546658e-01
1.521616719616861735e-01 9.399864520971787929e-01 2.619240138249435690e-01
1.540557182548621951e-01 9.389978213507624849e-01 2.646859985653315372e-01
1.558981323037761935e-01 9.373867193936398223e-01 2.673353400496544796e-01
1.576188462215252217e-01 9.347503707365298897e-01 2.697517884125659182e-01
1.590181229631623949e-01 9.299536808187327530e-01 2.715947065900280455e-01
1.601408571455788521e-01 9.233261932223869595e-01 2.729427682316330483e-01
1.613342782591888624e-01 9.169184013474670492e-01 2.743890579672429442e-01
1.630400319026185652e-01 9.131835740832280335e-01 2.766813108788746534e-01
1.649426736378354075e-01 9.102542977975504046e-01 2.792786467183256405e-01
1.666503891450259733e-01 9.059519232529613664e-01 2.815157842038492064e-01
1.681439230732404699e-01 9.002215265191043647e-01 2.833614268631772792e-01
1.698022123048604781e-01 8.951136009959539397e-01 2.854540571468606736e-01
1.717071931582438427e-01 8.910126141960051926e-01 2.879277754934819189e-01
1.738421220562349212e-01 8.877721023049742755e-01 2.907500344767626199e-01
1.761891574781918046e-01 8.852456015085773400e-01 2.938865066750947497e-01
1.786625867325581096e-01 8.829571044103916577e-01 2.971900419028838947e-01
1.813291139240506278e-01 8.811995386389850360e-01 3.007676661636374815e-01
1.841220812367546644e-01 8.796067446586477434e-01 3.045043446295814804e-01
1.870286458536433161e-01 8.780871825854524859e-01 3.083748308220521372e-01
1.901183997967794415e-01 8.769337800479668488e-01 3.124893986247569422e-01
1.933043436090590150e-01 8.757071456033393986e-01 3.167000480029132925e-01
1.966535635637695900e-01 8.746818989033522396e-01 3.211119549948582841e-01
2.000830376689061718e-01 8.734552644587246784e-01 3.255842520652273975e-01
2.037726493607526501e-01 8.727778693176616587e-01 3.304039255911951356e-01
2.075851609079181204e-01 8.720089342926713449e-01 3.353410615026630737e-01
2.115412826907432375e-01 8.712033833141099581e-01 3.404227921450799221e-01
2.156679519165343728e-01 8.704344482891195334e-01 3.456852957963580941e-01
2.199109983283244751e-01 8.694458175427033364e-01 3.510341055245923547e-01
2.243393299661388951e-01 8.684754947730726204e-01 3.565713168942357680e-01
2.288490623474895291e-01 8.670840885373757301e-01 3.621231467959353800e-01
2.335048949390972628e-01 8.654912945570385485e-01 3.677837207040747236e-01
2.381803945341113005e-01 8.632027974588528663e-01 3.733450525782338603e-01
2.427890579770076995e-01 8.599073616374653950e-01 3.786646887861430111e-01
2.471501603530943392e-01 8.550008238589553722e-01 3.834567019324326420e-01
2.517049951750534031e-01 8.500210541733033143e-01 3.883988137812187658e-01
2.553414944515139395e-01 8.412698412698412787e-01 3.917725296274192082e-01
2.565826969109768485e-01 8.242251148825543439e-01 3.913404409751348734e-01
2.576961997180643449e-01 8.065762252613463135e-01 3.905985406637054180e-01
2.617714553471663375e-01 7.977700884275278348e-01 3.941958449993893665e-01
2.666473206843538168e-01 7.906665934347595348e-01 3.988013888375872007e-01
2.721955494589239355e-01 7.846981930026912799e-01 4.041870004950845474e-01
2.778544111398032479e-01 7.781256293367020405e-01 4.094881157688862183e-01
2.830749127746420291e-01 7.694293403635964479e-01 4.138817354138866755e-01
2.909138899886779539e-01 7.667746837297010343e-01 4.217978931254657837e-01
2.993661628473915370e-01 7.643946467475879469e-01 4.302356135587281916e-01
3.086856981973638558e-01 7.627652368136796923e-01 4.395063030750567257e-01
3.175595922434276130e-01 7.585360941762325782e-01 4.476932968107579236e-01
3.216454580816219821e-01 7.418026033942989317e-01 4.487241959776734346e-01
3.300266728134879091e-01 7.339484813533256879e-01 4.553162249493165614e-01
3.379839792088772388e-01 7.238058622141667620e-01 4.607969975640173743e-01
3.491473585006312774e-01 7.189542483660130712e-01 4.700320177144737821e-01
3.615651771243343360e-01 7.147434137053514380e-01 4.802086152180866097e-01
3.757393018670996399e-01 7.118141374196736981e-01 4.918499402265697484e-01
3.919799549390262650e-01 7.102945753464784406e-01 5.051758486438624463e-01
4.092910518850949586e-01 7.079511543179363153e-01 5.187023387145454079e-01
4.274552951244179333e-01 7.041614031233408566e-01 5.319778699861686944e-01
4.467945718296677526e-01 6.992182493912597607e-01 5.452066723292482431e-01
4.678381348711426191e-01 6.936160084949012372e-01 5.587823188448547418e-01
4.928087654611542634e-01 6.900459530217315507e-01 5.749830286110919619e-01
5.197893947181974061e-01 6.850112594057230497e-01 5.910713721525385766e-01
5.503230395352972648e-01 6.799216418593581057e-01 6.082961385692642331e-01
5.847423989838850256e-01 6.742827850094286202e-01 6.263285886774483391e-01
6.246110180214068386e-01 6.688086999505684638e-01 6.459547154464356788e-01
6.725507992664900847e-01 6.647443291041906788e-01 6.686247790218030618e-01
7.241755577109602049e-01 6.561212720382270103e-01 6.884707374002247970e-01
7.867478717019715795e-01 6.480108383222570323e-01 7.106716193153297390e-01
8.644356631266979507e-01 6.407974954687757352e-01 7.360031962654162152e-01
9.528215387180127838e-01 6.278354479046520664e-01 7.569196132962521251e-01
9.501143147466023509e-01 5.477929733985097416e-01 6.949241113420738802e-01
9.454673433853221232e-01 4.672378755423738372e-01 6.254074055921778896e-01
9.398506268338223668e-01 3.870489372219476087e-01 5.482979964987356736e-01
9.332036676854681412e-01 3.074458541586569393e-01 4.625151481767104111e-01
9.295346769413159738e-01 2.296735687739147880e-01 3.683368322151591712e-01
9.394242525286206069e-01 1.547390197909229159e-01 2.657109623062655079e-01
9.775455758114717231e-01 8.050017392577946129e-02 1.487508246079940200e-01
