5.863867073333062924e-02 9.999013125431757132e-01 1.107806691449814140e-01
5.485209867882614304e-02 9.259844073818217502e-01 1.035691224274668532e-01
5.224647438168804336e-02 8.730879305240304422e-01 9.859304042570973814e-02
5.256437793847402312e-02 8.694364946215336065e-01 9.913523914547898996e-02
5.042923629699293253e-02 8.255205763347478465e-01 9.505195757035152238e-02
4.587932841094621850e-02 7.432152373433336123e-01 8.642364916428067756e-02
4.620120674793744275e-02 7.405506760090792007e-01 8.697617543595301259e-02
4.654867697209568583e-02 7.381821770452975384e-01 8.757500365871505321e-02
4.695402732694194808e-02 7.366031777361097266e-01 8.828069096435772756e-02
4.681468102291445194e-02 7.264383696832132919e-01 8.796080540120691793e-02
4.718697953173128096e-02 7.241685581762558055e-01 8.860071720940342066e-02
4.763917519069325868e-02 7.229843086943649189e-01 8.938833778688824727e-02
4.807534215043438725e-02 7.214053093851771070e-01 9.014341558457573955e-02
4.853484117744886334e-02 7.200236849896378688e-01 9.093968515125452901e-02
4.901175663034919999e-02 7.187407480509226954e-01 9.176589176589176888e-02
4.958840871797316058e-02 7.187407480509226954e-01 9.277588820524577951e-02
5.010300328645937717e-02 7.176551860258560955e-01 9.366667954712315503e-02
5.005787440556709600e-02 7.084772525412019739e-01 9.350882791588242815e-02
5.058368505004023213e-02 7.072930030593111983e-01 9.441506003859860552e-02
5.112247960102316718e-02 7.061087535774203117e-01 9.534215909015197887e-02
5.176155682558055554e-02 7.061087535774203117e-01 9.645261958844185413e-02
5.232157770582115952e-02 7.048258166387052492e-01 9.741194121458042476e-02
5.199815988246991177e-02 6.916016974242573667e-01 9.672410580579268724e-02
5.259083324564436251e-02 6.905161353991907669e-01 9.773779674393591466e-02
5.312295344126471280e-02 6.884436988058817430e-01 9.863486295607665211e-02
5.383131414460992636e-02 6.884436988058817430e-01 9.985471253837951977e-02
5.455839453164715303e-02 6.884436988058817430e-01 1.011043798370967334e-01
5.530582312601577816e-02 6.884436988058817430e-01 1.023864737135644493e-01
5.607401512776612196e-02 6.884436988058817430e-01 1.037015014122194129e-01
5.686384792833329427e-02 6.884436988058817430e-01 1.050507484263470126e-01
5.767624905953650655e-02 6.884436988058817430e-01 1.064355680327118553e-01
5.851219982721454771e-02 6.884436988058817430e-01 1.078573858189801754e-01
5.937273926550065695e-02 6.884436988058817430e-01 1.093177045789325147e-01
6.025896844523914719e-02 6.884436988058817430e-01 1.108181096108022262e-01
6.117151876534548949e-02 6.884436988058817430e-01 1.123593695892021599e-01
6.211323913062834212e-02 6.884436988058817430e-01 1.139459671359968618e-01
6.308326701873688547e-02 6.884436988058817430e-01 1.155760994723195462e-01
6.408466230616594039e-02 6.884436988058817430e-01 1.172545361335921715e-01
6.511836307968038584e-02 6.884436988058817430e-01 1.189824408797469091e-01
6.618658621049534896e-02 6.884436988058817430e-01 1.207630786275663837e-01
6.728979174503960103e-02 6.884436988058817430e-01 1.225967452813609554e-01
6.842972612414659206e-02 6.884436988058817430e-01 1.244858445532981833e-01
6.960964317075117591e-02 6.884436988058817430e-01 1.264352191682751869e-01
7.083096417837705938e-02 6.884436988058817430e-01 1.284466171366494269e-01
7.209516230712786911e-02 6.884436988058817430e-01 1.305218253597021372e-01
7.340685242865560567e-02 6.884436988058817430e-01 1.326677126420386932e-01
7.077862922672954749e-02 6.517319648672653676e-01 1.276900172083760276e-01
7.139347216004018892e-02 6.452185927168656576e-01 1.285615966964900048e-01
7.276653051230397296e-02 6.452185927168656576e-01 1.307835410373867358e-01
7.419343856742433019e-02 6.452185927168656576e-01 1.330836403606977802e-01
7.567917954416547577e-02 6.452185927168656576e-01 1.354688989266918109e-01
7.722199255890864478e-02 6.452185927168656576e-01 1.379353994810017248e-01
7.882996937471363486e-02 6.452185927168656576e-01 1.404948909971956705e-01
8.051030083613482102e-02 6.452185927168656576e-01 1.431574337639588412e-01
8.120384000805244695e-02 6.369288463436296732e-01 1.440432084988617634e-01
8.279959873447025054e-02 6.353498470344419724e-01 1.465063092379987886e-01
7.851261410570067878e-02 5.890654297838744391e-01 1.385577827040703758e-01
7.805055317774367563e-02 5.722885621237541187e-01 1.373666070519121984e-01
7.902823519684713804e-02 5.659725648870028714e-01 1.386907209015501574e-01
7.750942224355264476e-02 5.418928254218888796e-01 1.356204307449120905e-01
7.853577371048252320e-02 5.356755156419619190e-01 1.369876842317787058e-01
8.055085626094440898e-02 5.356755156419619190e-01 1.400430862111224639e-01
8.266955025205988128e-02 5.356755156419619190e-01 1.432341144184082760e-01
8.437353355232285468e-02 5.323201421099378328e-01 1.456597761365323873e-01
8.668392199733131187e-02 5.321227671962893702e-01 1.490820614908205943e-01
8.916081025217031941e-02 5.321227671962893702e-01 1.527305687740765638e-01
9.178341021669191024e-02 5.321227671962893702e-01 1.565621370499419296e-01
9.437205142145600745e-02 5.310372051712227703e-01 1.602632832975935395e-01
9.730159878463430501e-02 5.309385177143984835e-01 1.644631257164692328e-01
1.004405944290941710e-01 5.309385177143984835e-01 1.689247531280907988e-01
1.037888725981943039e-01 5.309385177143984835e-01 1.736352046991237463e-01
1.073680849365370865e-01 5.309385177143984835e-01 1.786158928304643345e-01
1.112052750160193448e-01 5.309385177143984835e-01 1.838939021055509826e-01
1.148289462402469346e-01 5.286687062074409971e-01 1.886765871268820949e-01
1.159513845605912169e-01 5.140629625974538763e-01 1.892220789363750211e-01
1.205898694323548487e-01 5.140629625974538763e-01 1.953533724615124922e-01
1.253225300827123800e-01 5.128787131155629897e-01 2.014263013061509400e-01
1.307717470622279388e-01 5.128787131155629897e-01 2.084051810562618234e-01
1.342243034910946820e-01 5.035034047172604055e-01 2.119474908607510699e-01
1.399553509908221527e-01 5.011349057534787432e-01 2.188038607376766864e-01
1.469456260670775893e-01 5.011349057534787432e-01 2.272544193331841600e-01
1.543452435346797103e-01 5.000493437284121434e-01 2.358828732368139225e-01
1.628886530979711256e-01 4.999506562715878566e-01 2.457195518261628409e-01
1.716542402887004937e-01 4.975821573078061943e-01 2.552523667291044518e-01
1.823969901964331009e-01 4.975821573078061943e-01 2.669419737399407189e-01
1.945366154795894753e-01 4.975821573078061943e-01 2.797148484091980802e-01
2.053327821413807319e-01 4.901805980459883472e-01 2.894269148967164584e-01
2.074169708841599180e-01 4.597848613441231636e-01 2.858720662678325142e-01
2.233478051133622744e-01 4.569229250962202893e-01 3.000356413828856872e-01
2.400294643796695715e-01 4.502121780321721167e-01 3.131198737087751982e-01
2.438939692093992362e-01 4.158689430573374035e-01 3.074678048958446874e-01
2.315755627009646322e-01 3.553735320240797302e-01 2.804189541720203960e-01
2.552991391159661339e-01 3.482680351327346324e-01 2.946234763733511230e-01
2.918699859399553342e-01 3.482680351327346324e-01 3.175845932325414012e-01
3.404070608662100872e-01 3.482680351327346324e-01 3.442926829268292965e-01
4.037504340780183054e-01 3.442218494029408715e-01 3.716173023652247775e-01
4.942844740269136117e-01 3.371163525115957738e-01 4.008448720957521472e-01
4.933436233841404506e-01 2.523438270995756461e-01 3.338991903891355140e-01
4.410998552821996932e-01 1.503996842001381617e-01 2.243155725640270381e-01
4.561810795124782159e-01 7.756834106385078476e-02 1.325910931174088814e-01
